P08/rgb_frames/P08_01 245 350 2
P08/rgb_frames/P08_01 356 433 0
P08/rgb_frames/P08_01 437 537 3
P08/rgb_frames/P08_01 638 810 0
P08/rgb_frames/P08_01 943 1268 1
P08/rgb_frames/P08_01 1254 1346 0
P08/rgb_frames/P08_01 1368 1426 1
P08/rgb_frames/P08_01 1653 1729 4
P08/rgb_frames/P08_01 1875 1971 2
P08/rgb_frames/P08_01 1951 2020 0
P08/rgb_frames/P08_01 2133 2304 1
P08/rgb_frames/P08_01 2671 3201 3
P08/rgb_frames/P08_01 3234 3323 1
P08/rgb_frames/P08_01 3956 4008 2
P08/rgb_frames/P08_01 4006 4080 1
P08/rgb_frames/P08_01 4237 4311 2
P08/rgb_frames/P08_01 4342 4447 0
P08/rgb_frames/P08_01 4480 4539 2
P08/rgb_frames/P08_01 4528 4614 0
P08/rgb_frames/P08_01 5271 5659 0
P08/rgb_frames/P08_01 5502 5681 0
P08/rgb_frames/P08_01 5809 6082 0
P08/rgb_frames/P08_01 6549 6771 0
P08/rgb_frames/P08_01 6828 7116 1
P08/rgb_frames/P08_01 7215 7262 2
P08/rgb_frames/P08_01 7297 7330 0
P08/rgb_frames/P08_01 7349 7395 0
P08/rgb_frames/P08_01 7397 7485 0
P08/rgb_frames/P08_01 7660 7704 2
P08/rgb_frames/P08_01 7765 7914 0
P08/rgb_frames/P08_01 8036 8196 2
P08/rgb_frames/P08_01 8181 8431 0
P08/rgb_frames/P08_01 8967 9048 2
P08/rgb_frames/P08_01 9054 9157 0
P08/rgb_frames/P08_01 9199 9261 1
P08/rgb_frames/P08_01 9265 9362 2
P08/rgb_frames/P08_01 9387 9675 7
P08/rgb_frames/P08_01 9900 9990 2
P08/rgb_frames/P08_01 9979 10045 1
P08/rgb_frames/P08_01 10047 10116 3
P08/rgb_frames/P08_01 10237 10314 1
P08/rgb_frames/P08_01 10331 10583 0
P08/rgb_frames/P08_01 10591 10783 5
P08/rgb_frames/P08_01 10781 10862 1
P08/rgb_frames/P08_01 10856 11314 1
P08/rgb_frames/P08_01 11343 11551 1
P08/rgb_frames/P08_01 11532 11868 3
P08/rgb_frames/P08_01 11849 11905 2
P08/rgb_frames/P08_01 11900 11990 1
P08/rgb_frames/P08_01 11968 12030 3
P08/rgb_frames/P08_01 12047 13274 2
P08/rgb_frames/P08_01 13274 13515 5
P08/rgb_frames/P08_01 13521 13645 5
P08/rgb_frames/P08_01 13771 13936 2
P08/rgb_frames/P08_01 13942 14062 0
P08/rgb_frames/P08_01 14389 14496 0
P08/rgb_frames/P08_01 14421 14492 0
P08/rgb_frames/P08_01 14862 14922 2
P08/rgb_frames/P08_01 14932 15045 0
P08/rgb_frames/P08_01 15118 15198 1
P08/rgb_frames/P08_01 15204 15518 2
P08/rgb_frames/P08_01 17092 17187 4
P08/rgb_frames/P08_01 17178 17809 4
P08/rgb_frames/P08_01 17266 17326 4
P08/rgb_frames/P08_01 18031 18463 1
P08/rgb_frames/P08_01 18469 18894 0
P08/rgb_frames/P08_01 19098 19296 4
P08/rgb_frames/P08_01 19378 19563 4
P08/rgb_frames/P08_01 19716 20637 5
P08/rgb_frames/P08_01 20667 21145 5
P08/rgb_frames/P08_01 22039 22585 7
P08/rgb_frames/P08_01 22586 22944 1
P08/rgb_frames/P08_01 23033 23281 1
P08/rgb_frames/P08_01 23376 23733 1
P08/rgb_frames/P08_01 23739 24474 3
P08/rgb_frames/P08_01 24480 24555 2
P08/rgb_frames/P08_01 24554 24786 1
P08/rgb_frames/P08_01 24870 24925 3
P08/rgb_frames/P08_01 25063 25103 0
P08/rgb_frames/P08_01 25547 25691 0
P08/rgb_frames/P08_01 25659 25705 1
P08/rgb_frames/P08_01 26213 26286 0
P08/rgb_frames/P08_01 26362 26580 0
P08/rgb_frames/P08_01 26859 27034 0
P08/rgb_frames/P08_01 27853 27909 0
P08/rgb_frames/P08_01 27915 27981 4
P08/rgb_frames/P08_01 28809 28882 0
P08/rgb_frames/P08_01 28883 28962 1
P08/rgb_frames/P08_01 29313 29389 0
P08/rgb_frames/P08_01 29394 29544 1
P08/rgb_frames/P08_01 29826 29914 0
P08/rgb_frames/P08_01 29916 30020 1
P08/rgb_frames/P08_01 30009 30382 1
P08/rgb_frames/P08_01 30638 31329 7
P08/rgb_frames/P08_01 31319 31408 1
P08/rgb_frames/P08_01 31540 31690 7
P08/rgb_frames/P08_01 31681 31746 2
P08/rgb_frames/P08_01 31722 31811 1
P08/rgb_frames/P08_01 31802 31872 0
P08/rgb_frames/P08_01 32353 32410 2
P08/rgb_frames/P08_01 32382 32555 1
P08/rgb_frames/P08_01 32727 32828 0
P08/rgb_frames/P08_01 33070 33445 1
P08/rgb_frames/P08_01 33201 33241 7
P08/rgb_frames/P08_01 33247 33297 1
P08/rgb_frames/P08_01 33498 33558 0
P08/rgb_frames/P08_01 33639 33708 1
P08/rgb_frames/P08_01 33705 33825 4
P08/rgb_frames/P08_01 33832 33956 0
P08/rgb_frames/P08_01 34223 34538 4
P08/rgb_frames/P08_01 34921 35088 2
P08/rgb_frames/P08_01 34924 34994 2
P08/rgb_frames/P08_01 35124 35260 1
P08/rgb_frames/P08_01 35267 35337 3
P08/rgb_frames/P08_01 35343 35719 1
P08/rgb_frames/P08_01 35725 35820 3
P08/rgb_frames/P08_01 35858 36002 4
P08/rgb_frames/P08_01 36031 36219 4
P08/rgb_frames/P08_01 36363 36438 0
P08/rgb_frames/P08_02 222 313 1
P08/rgb_frames/P08_02 295 396 2
P08/rgb_frames/P08_02 429 544 1
P08/rgb_frames/P08_02 807 968 1
P08/rgb_frames/P08_02 1161 1251 2
P08/rgb_frames/P08_02 1865 1962 3
P08/rgb_frames/P08_02 1966 2053 3
P08/rgb_frames/P08_02 2040 2156 3
P08/rgb_frames/P08_02 2126 2189 2
P08/rgb_frames/P08_02 2193 2326 0
P08/rgb_frames/P08_02 2656 2725 3
P08/rgb_frames/P08_02 3192 3346 3
P08/rgb_frames/P08_02 3490 3597 0
P08/rgb_frames/P08_02 3599 3664 2
P08/rgb_frames/P08_02 3670 3912 4
P08/rgb_frames/P08_02 3930 4069 4
P08/rgb_frames/P08_02 4047 4212 4
P08/rgb_frames/P08_02 4277 4945 4
P08/rgb_frames/P08_02 5024 5142 4
P08/rgb_frames/P08_02 5062 5392 4
P08/rgb_frames/P08_02 5724 5845 1
P08/rgb_frames/P08_02 5896 6155 4
P08/rgb_frames/P08_03 51 272 0
P08/rgb_frames/P08_03 282 373 2
P08/rgb_frames/P08_03 446 781 0
P08/rgb_frames/P08_03 478 598 0
P08/rgb_frames/P08_03 664 784 0
P08/rgb_frames/P08_03 947 986 0
P08/rgb_frames/P08_03 1267 1372 0
P08/rgb_frames/P08_03 2035 2190 0
P08/rgb_frames/P08_03 2880 2940 0
P08/rgb_frames/P08_03 2949 3505 1
P08/rgb_frames/P08_03 3512 3953 1
P08/rgb_frames/P08_03 3973 4185 1
P08/rgb_frames/P08_03 4311 4350 2
P08/rgb_frames/P08_03 4347 4414 0
P08/rgb_frames/P08_03 4417 4693 5
P08/rgb_frames/P08_03 6900 7045 0
P08/rgb_frames/P08_03 7082 7205 1
P08/rgb_frames/P08_03 7349 7420 2
P08/rgb_frames/P08_03 7426 7651 1
P08/rgb_frames/P08_03 7854 8029 1
P08/rgb_frames/P08_03 8093 8221 3
P08/rgb_frames/P08_03 8228 8376 1
P08/rgb_frames/P08_03 8374 8502 1
P08/rgb_frames/P08_03 8508 8567 3
P08/rgb_frames/P08_04 117 424 2
P08/rgb_frames/P08_04 551 811 2
P08/rgb_frames/P08_04 835 975 0
P08/rgb_frames/P08_04 935 1137 4
P08/rgb_frames/P08_04 1365 1530 0
P08/rgb_frames/P08_04 1538 1665 0
P08/rgb_frames/P08_04 1678 1888 1
P08/rgb_frames/P08_04 2082 2211 1
P08/rgb_frames/P08_04 2179 2262 0
P08/rgb_frames/P08_04 2391 2718 1
P08/rgb_frames/P08_04 2608 2903 0
P08/rgb_frames/P08_04 2934 3000 0
P08/rgb_frames/P08_04 3048 3093 0
P08/rgb_frames/P08_04 3141 3219 0
P08/rgb_frames/P08_04 3234 3343 0
P08/rgb_frames/P08_04 3364 3424 0
P08/rgb_frames/P08_04 3447 3517 0
P08/rgb_frames/P08_04 3559 3659 3
P08/rgb_frames/P08_04 3662 3801 2
P08/rgb_frames/P08_04 3837 3921 2
P08/rgb_frames/P08_04 3952 4051 0
P08/rgb_frames/P08_04 4477 4609 0
P08/rgb_frames/P08_04 4599 4834 1
P08/rgb_frames/P08_04 4840 4951 0
P08/rgb_frames/P08_04 4957 5051 1
P08/rgb_frames/P08_04 5073 5209 0
P08/rgb_frames/P08_04 5215 5325 1
P08/rgb_frames/P08_04 5331 5470 0
P08/rgb_frames/P08_04 5476 5700 1
P08/rgb_frames/P08_04 5706 5804 0
P08/rgb_frames/P08_04 5839 6252 0
P08/rgb_frames/P08_04 5884 6204 0
P08/rgb_frames/P08_04 6201 6332 1
P08/rgb_frames/P08_04 6258 6351 1
P08/rgb_frames/P08_04 6920 6980 0
P08/rgb_frames/P08_04 7000 7090 2
P08/rgb_frames/P08_04 7309 7614 1
P08/rgb_frames/P08_04 7620 7796 1
P08/rgb_frames/P08_04 7790 8370 1
P08/rgb_frames/P08_04 8373 8431 3
P08/rgb_frames/P08_04 8498 8686 3
P08/rgb_frames/P08_04 8689 8782 2
P08/rgb_frames/P08_04 8737 8854 0
P08/rgb_frames/P08_04 8848 8958 1
P08/rgb_frames/P08_04 8928 9099 0
P08/rgb_frames/P08_04 9204 9330 0
P08/rgb_frames/P08_04 9352 9417 3
P08/rgb_frames/P08_04 9470 9553 2
P08/rgb_frames/P08_04 9571 10099 1
P08/rgb_frames/P08_04 9616 9749 1
P08/rgb_frames/P08_04 10108 10345 0
P08/rgb_frames/P08_04 10351 10438 2
P08/rgb_frames/P08_04 11178 11240 0
P08/rgb_frames/P08_04 11410 11593 0
P08/rgb_frames/P08_04 11794 11857 3
P08/rgb_frames/P08_04 11916 11982 2
P08/rgb_frames/P08_05 171 231 2
P08/rgb_frames/P08_05 205 445 0
P08/rgb_frames/P08_05 549 699 4
P08/rgb_frames/P08_05 804 924 4
P08/rgb_frames/P08_05 930 1000 2
P08/rgb_frames/P08_05 1136 1246 0
P08/rgb_frames/P08_05 1270 1338 1
P08/rgb_frames/P08_05 1323 1392 2
P08/rgb_frames/P08_05 1429 1555 1
P08/rgb_frames/P08_05 1560 1605 3
P08/rgb_frames/P08_05 1876 1950 3
P08/rgb_frames/P08_05 1932 2077 4
P08/rgb_frames/P08_05 2234 2310 2
P08/rgb_frames/P08_05 2299 2420 2
P08/rgb_frames/P08_05 2406 2727 0
P08/rgb_frames/P08_05 2753 2873 1
P08/rgb_frames/P08_05 3010 3070 0
P08/rgb_frames/P08_05 3024 3562 0
P08/rgb_frames/P08_05 3141 3202 0
P08/rgb_frames/P08_05 4084 4204 0
P08/rgb_frames/P08_05 4289 4414 3
P08/rgb_frames/P08_05 4582 4709 2
P08/rgb_frames/P08_05 4661 4716 0
P08/rgb_frames/P08_05 4744 4962 5
P08/rgb_frames/P08_05 4970 5084 1
P08/rgb_frames/P08_05 5236 5350 0
P08/rgb_frames/P08_05 5437 5506 2
P08/rgb_frames/P08_05 5503 5683 7
P08/rgb_frames/P08_05 5696 5802 1
P08/rgb_frames/P08_05 5770 5923 0
P08/rgb_frames/P08_05 5920 6121 1
P08/rgb_frames/P08_05 6127 6250 3
P08/rgb_frames/P08_05 6252 6364 2
P08/rgb_frames/P08_05 6325 6486 0
P08/rgb_frames/P08_05 6474 6604 1
P08/rgb_frames/P08_05 6610 6788 2
P08/rgb_frames/P08_05 6749 6891 0
P08/rgb_frames/P08_05 6884 6990 1
P08/rgb_frames/P08_05 7368 7446 1
P08/rgb_frames/P08_05 8025 8091 2
P08/rgb_frames/P08_05 8267 8456 1
P08/rgb_frames/P08_05 8490 8569 2
P08/rgb_frames/P08_05 8575 8650 2
P08/rgb_frames/P08_05 8655 8865 1
P08/rgb_frames/P08_05 9031 9196 3
P08/rgb_frames/P08_05 9206 9251 1
P08/rgb_frames/P08_05 9280 9326 0
P08/rgb_frames/P08_05 9533 9624 2
P08/rgb_frames/P08_05 9622 10007 4
P08/rgb_frames/P08_05 10013 10099 0
P08/rgb_frames/P08_05 10106 10625 4
P08/rgb_frames/P08_05 10631 10822 0
P08/rgb_frames/P08_05 10828 11159 5
P08/rgb_frames/P08_05 11165 11504 4
P08/rgb_frames/P08_05 11510 12585 0
P08/rgb_frames/P08_05 12573 13987 4
P08/rgb_frames/P08_05 13254 13956 4
P08/rgb_frames/P08_05 13948 14041 3
P08/rgb_frames/P08_05 14254 14554 0
P08/rgb_frames/P08_05 14563 14628 0
P08/rgb_frames/P08_05 14692 14868 7
P08/rgb_frames/P08_05 14938 15195 2
P08/rgb_frames/P08_05 15181 15348 1
P08/rgb_frames/P08_05 15552 15825 3
P08/rgb_frames/P08_05 15797 16168 0
P08/rgb_frames/P08_05 18309 18594 0
P08/rgb_frames/P08_05 18707 18880 4
P08/rgb_frames/P08_05 18963 19023 0
P08/rgb_frames/P08_05 19059 19156 5
P08/rgb_frames/P08_05 19571 19999 4
P08/rgb_frames/P08_05 20017 20149 4
P08/rgb_frames/P08_05 20203 20263 1
P08/rgb_frames/P08_05 21355 21430 3
P08/rgb_frames/P08_05 21529 21987 5
P08/rgb_frames/P08_05 21632 22035 5
P08/rgb_frames/P08_05 21979 23582 0
P08/rgb_frames/P08_05 22041 22963 5
P08/rgb_frames/P08_05 22704 24057 0
P08/rgb_frames/P08_05 24163 24211 2
P08/rgb_frames/P08_05 24210 24339 4
P08/rgb_frames/P08_05 24310 24411 4
P08/rgb_frames/P08_05 24417 24450 3
P08/rgb_frames/P08_05 24456 25122 0
P08/rgb_frames/P08_05 25035 25341 2
P08/rgb_frames/P08_05 25348 25719 0
P08/rgb_frames/P08_05 26175 26598 0
P08/rgb_frames/P08_05 26714 26986 1
P08/rgb_frames/P08_05 27034 27204 4
P08/rgb_frames/P08_05 27889 28087 0
P08/rgb_frames/P08_05 28234 28419 1
P08/rgb_frames/P08_05 28568 28602 2
P08/rgb_frames/P08_05 28605 28648 4
P08/rgb_frames/P08_05 28651 28688 3
P08/rgb_frames/P08_05 28738 28801 4
P08/rgb_frames/P08_05 28854 28894 0
P08/rgb_frames/P08_05 28882 29233 5
P08/rgb_frames/P08_05 29239 29656 5
P08/rgb_frames/P08_05 30064 30153 0
P08/rgb_frames/P08_05 30286 30439 0
P08/rgb_frames/P08_05 30392 30824 1
P08/rgb_frames/P08_05 30814 30907 1
P08/rgb_frames/P08_05 30913 30997 1
P08/rgb_frames/P08_05 31397 31456 2
P08/rgb_frames/P08_05 31417 31537 0
P08/rgb_frames/P08_05 31528 31596 2
P08/rgb_frames/P08_05 32092 32205 6
P08/rgb_frames/P08_05 33117 33200 2
P08/rgb_frames/P08_05 33810 33960 0
P08/rgb_frames/P08_05 33948 34161 0
P08/rgb_frames/P08_05 34245 34513 1
P08/rgb_frames/P08_05 34545 34605 3
P08/rgb_frames/P08_05 34947 35217 0
P08/rgb_frames/P08_05 35319 35499 0
P08/rgb_frames/P08_05 35929 36183 0
P08/rgb_frames/P08_05 36767 36855 0
P08/rgb_frames/P08_05 37008 37293 4
P08/rgb_frames/P08_05 37231 38767 4
P08/rgb_frames/P08_05 38974 40161 5
P08/rgb_frames/P08_05 40191 40311 1
P08/rgb_frames/P08_05 40317 41712 5
P08/rgb_frames/P08_05 41718 41868 1
P08/rgb_frames/P08_05 42522 42729 4
P08/rgb_frames/P08_05 42879 42961 2
P08/rgb_frames/P08_05 43011 43192 0
P08/rgb_frames/P08_05 43374 43505 0
P08/rgb_frames/P08_05 44168 44229 1
P08/rgb_frames/P08_05 45530 45601 0
P08/rgb_frames/P08_05 45594 46218 5
P08/rgb_frames/P08_05 45607 46273 5
P08/rgb_frames/P08_05 46269 46404 0
P08/rgb_frames/P08_05 46863 47103 4
P08/rgb_frames/P08_05 47106 47230 0
P08/rgb_frames/P08_05 47400 47475 1
P08/rgb_frames/P08_05 47481 47690 4
P08/rgb_frames/P08_05 47682 47757 0
P08/rgb_frames/P08_05 48123 48228 2
P08/rgb_frames/P08_05 48246 48391 0
P08/rgb_frames/P08_05 48499 48607 2
P08/rgb_frames/P08_05 48810 48915 0
P08/rgb_frames/P08_05 49805 49955 0
P08/rgb_frames/P08_05 51720 51834 1
P08/rgb_frames/P08_05 53758 53930 1
P08/rgb_frames/P08_05 54321 54386 2
P08/rgb_frames/P08_05 54414 54471 0
P08/rgb_frames/P08_05 54477 54735 7
P08/rgb_frames/P08_05 54741 54985 6
P08/rgb_frames/P08_05 54962 55396 7
P08/rgb_frames/P08_05 55387 55486 1
P08/rgb_frames/P08_05 55457 55723 6
P08/rgb_frames/P08_05 55860 56025 7
P08/rgb_frames/P08_05 56031 56408 6
P08/rgb_frames/P08_05 57161 57267 3
P08/rgb_frames/P08_05 57576 57760 2
P08/rgb_frames/P08_05 57880 57942 0
P08/rgb_frames/P08_05 57948 58059 3
P08/rgb_frames/P08_05 58075 58249 2
P08/rgb_frames/P08_05 58367 58424 0
P08/rgb_frames/P08_05 58569 58639 2
P08/rgb_frames/P08_05 58611 58701 0
P08/rgb_frames/P08_05 59135 59224 2
P08/rgb_frames/P08_05 59200 59486 0
P08/rgb_frames/P08_05 59551 59997 1
P08/rgb_frames/P08_05 60237 60571 4
P08/rgb_frames/P08_05 60643 60718 2
P08/rgb_frames/P08_05 60711 60815 1
P08/rgb_frames/P08_05 60776 60878 3
P08/rgb_frames/P08_05 60897 61069 2
P08/rgb_frames/P08_05 61688 61841 1
P08/rgb_frames/P08_05 61957 62099 0
P08/rgb_frames/P08_05 62142 62277 0
P08/rgb_frames/P08_05 63244 63403 5
P08/rgb_frames/P08_05 63545 63847 5
P08/rgb_frames/P08_05 63840 63939 0
P08/rgb_frames/P08_05 64280 64477 1
P08/rgb_frames/P08_05 64444 64567 1
P08/rgb_frames/P08_05 64659 64755 0
P08/rgb_frames/P08_05 65405 65460 2
P08/rgb_frames/P08_05 65532 65772 0
P08/rgb_frames/P08_05 65793 65868 1
P08/rgb_frames/P08_05 66291 66381 0
P08/rgb_frames/P08_05 67141 67262 1
P08/rgb_frames/P08_05 67770 67963 4
P08/rgb_frames/P08_05 68236 68295 2
P08/rgb_frames/P08_05 68301 68356 0
P08/rgb_frames/P08_05 68358 68663 0
P08/rgb_frames/P08_05 68787 68881 0
P08/rgb_frames/P08_05 69139 69277 3
P08/rgb_frames/P08_05 69717 69948 0
P08/rgb_frames/P08_05 69855 70323 1
P08/rgb_frames/P08_05 70028 70243 4
P08/rgb_frames/P08_05 70492 70573 2
P08/rgb_frames/P08_05 71203 71656 0
P08/rgb_frames/P08_05 71787 72018 1
P08/rgb_frames/P08_05 71859 72471 1
P08/rgb_frames/P08_05 72637 72798 1
P08/rgb_frames/P08_05 72889 72958 0
P08/rgb_frames/P08_05 72964 73024 1
P08/rgb_frames/P08_05 74244 74851 5
P08/rgb_frames/P08_05 75112 75232 7
P08/rgb_frames/P08_05 75637 75961 5
P08/rgb_frames/P08_05 75982 76056 0
P08/rgb_frames/P08_05 76081 76207 1
P08/rgb_frames/P08_05 76507 76602 0
P08/rgb_frames/P08_05 76566 77113 6
P08/rgb_frames/P08_05 77137 77412 1
P08/rgb_frames/P08_05 77422 77480 2
P08/rgb_frames/P08_05 78003 78104 0
P08/rgb_frames/P08_05 79601 79749 1
P08/rgb_frames/P08_05 79738 80568 6
P08/rgb_frames/P08_05 80337 80931 6
P08/rgb_frames/P08_05 80919 81041 1
P08/rgb_frames/P08_05 81503 81683 7
P08/rgb_frames/P08_05 81673 82349 6
P08/rgb_frames/P08_05 82320 83075 1
P08/rgb_frames/P08_05 83155 83252 1
P08/rgb_frames/P08_05 83348 83408 2
P08/rgb_frames/P08_05 83424 83505 2
P08/rgb_frames/P08_05 83731 83878 4
P08/rgb_frames/P08_05 83899 84862 1
P08/rgb_frames/P08_05 84143 84218 1
P08/rgb_frames/P08_05 84176 85507 1
P08/rgb_frames/P08_05 85532 85620 3
P08/rgb_frames/P08_05 85626 85710 2
P08/rgb_frames/P08_05 85747 85867 1
P08/rgb_frames/P08_05 86196 86279 3
P08/rgb_frames/P08_05 86278 86358 3
P08/rgb_frames/P08_05 86449 86683 2
P08/rgb_frames/P08_05 86719 87094 1
P08/rgb_frames/P08_05 87115 87325 1
P08/rgb_frames/P08_05 87333 87438 1
P08/rgb_frames/P08_05 87442 87504 0
P08/rgb_frames/P08_05 87525 87780 1
P08/rgb_frames/P08_05 88656 88971 5
P08/rgb_frames/P08_05 89118 89184 1
P08/rgb_frames/P08_05 89184 89441 2
P08/rgb_frames/P08_05 89369 90025 0
P08/rgb_frames/P08_05 90087 90193 2
P08/rgb_frames/P08_05 90281 90343 1
P08/rgb_frames/P08_05 90362 90476 2
P08/rgb_frames/P08_05 90465 90550 3
P08/rgb_frames/P08_05 90950 91025 3
P08/rgb_frames/P08_05 91225 91290 0
P08/rgb_frames/P08_05 91578 91793 4
P08/rgb_frames/P08_05 91699 91789 1
P08/rgb_frames/P08_05 91879 91999 0
P08/rgb_frames/P08_05 92305 92410 7
P08/rgb_frames/P08_05 92424 92934 7
P08/rgb_frames/P08_05 92920 92989 3
P08/rgb_frames/P08_05 92995 93136 7
P08/rgb_frames/P08_05 93300 94695 6
P08/rgb_frames/P08_05 93387 93534 7
P08/rgb_frames/P08_05 93691 93751 0
P08/rgb_frames/P08_05 93770 94457 6
P08/rgb_frames/P08_05 94837 94998 1
P08/rgb_frames/P08_05 94958 95059 0
P08/rgb_frames/P08_05 95065 95158 1
P08/rgb_frames/P08_05 95354 95567 1
P08/rgb_frames/P08_05 95583 95815 1
P08/rgb_frames/P08_05 95836 95911 1
P08/rgb_frames/P08_05 95914 96031 1
P08/rgb_frames/P08_05 95992 96057 3
P08/rgb_frames/P08_05 96205 96695 4
P08/rgb_frames/P08_05 97148 97403 0
P08/rgb_frames/P08_05 97409 98135 0
P08/rgb_frames/P08_05 98170 98250 2
P08/rgb_frames/P08_05 98237 98342 4
P08/rgb_frames/P08_05 98335 98382 3
P08/rgb_frames/P08_05 98406 98599 4
P08/rgb_frames/P08_05 98609 98875 2
P08/rgb_frames/P08_05 98909 98983 1
P08/rgb_frames/P08_05 99223 99606 0
P08/rgb_frames/P08_05 99945 100008 2
P08/rgb_frames/P08_05 100007 100089 4
P08/rgb_frames/P08_05 100095 100150 3
P08/rgb_frames/P08_05 100340 100413 0
P08/rgb_frames/P08_05 100420 100618 4
P08/rgb_frames/P08_05 100614 100663 1
P08/rgb_frames/P08_05 101209 101491 1
P08/rgb_frames/P08_05 101571 101631 2
P08/rgb_frames/P08_05 101631 101692 3
P08/rgb_frames/P08_05 101799 101873 0
P08/rgb_frames/P08_05 101900 102107 1
P08/rgb_frames/P08_05 102243 102294 2
P08/rgb_frames/P08_05 102300 102423 4
P08/rgb_frames/P08_05 102425 102470 3
P08/rgb_frames/P08_05 102578 102632 2
P08/rgb_frames/P08_05 102660 102765 1
P08/rgb_frames/P08_05 102861 103301 0
P08/rgb_frames/P08_05 103381 103471 2
P08/rgb_frames/P08_05 103477 103571 0
P08/rgb_frames/P08_05 103788 103984 0
P08/rgb_frames/P08_05 103976 104036 3
P08/rgb_frames/P08_05 104117 104267 1
P08/rgb_frames/P08_05 104359 104605 4
P08/rgb_frames/P08_05 104783 104879 1
P08/rgb_frames/P08_06 127 463 1
P08/rgb_frames/P08_06 452 603 0
P08/rgb_frames/P08_06 644 737 0
P08/rgb_frames/P08_06 778 897 0
P08/rgb_frames/P08_06 1863 2015 1
P08/rgb_frames/P08_06 2055 2151 4
P08/rgb_frames/P08_06 2190 2324 0
P08/rgb_frames/P08_06 2329 2631 4
P08/rgb_frames/P08_06 2671 2804 2
P08/rgb_frames/P08_06 2844 3011 1
P08/rgb_frames/P08_06 3022 3271 1
P08/rgb_frames/P08_06 3475 3546 0
P08/rgb_frames/P08_06 3543 3636 4
P08/rgb_frames/P08_06 3643 3709 0
P08/rgb_frames/P08_06 3735 3803 1
P08/rgb_frames/P08_06 3910 3962 2
P08/rgb_frames/P08_06 3965 4059 0
P08/rgb_frames/P08_06 4085 4137 0
P08/rgb_frames/P08_06 4447 4606 1
P08/rgb_frames/P08_06 4610 4797 5
P08/rgb_frames/P08_06 4833 4917 1
P08/rgb_frames/P08_06 5134 5337 0
P08/rgb_frames/P08_06 5343 5628 1
P08/rgb_frames/P08_06 5875 5953 2
P08/rgb_frames/P08_06 6154 6408 3
P08/rgb_frames/P08_06 6477 6598 2
P08/rgb_frames/P08_06 6501 6818 1
P08/rgb_frames/P08_06 6754 6814 1
P08/rgb_frames/P08_06 6949 7151 1
P08/rgb_frames/P08_06 6984 7138 1
P08/rgb_frames/P08_06 7162 7281 3
P08/rgb_frames/P08_06 7592 7727 0
P08/rgb_frames/P08_06 7717 7876 4
P08/rgb_frames/P08_06 7904 8009 2
P08/rgb_frames/P08_06 8013 8094 2
P08/rgb_frames/P08_06 8096 8321 1
P08/rgb_frames/P08_06 8328 8602 0
P08/rgb_frames/P08_06 8618 8747 2
P08/rgb_frames/P08_06 8730 8895 1
P08/rgb_frames/P08_06 8908 8958 0
P08/rgb_frames/P08_06 8959 9022 4
P08/rgb_frames/P08_06 9032 9122 1
P08/rgb_frames/P08_06 9180 9480 4
P08/rgb_frames/P08_06 9486 9681 1
P08/rgb_frames/P08_06 9616 9770 0
P08/rgb_frames/P08_06 9771 9929 4
P08/rgb_frames/P08_06 9887 10022 1
P08/rgb_frames/P08_06 10138 10239 0
P08/rgb_frames/P08_06 10297 10395 4
P08/rgb_frames/P08_06 10467 10593 4
P08/rgb_frames/P08_06 10605 10725 1
P08/rgb_frames/P08_06 10801 10869 0
P08/rgb_frames/P08_06 10892 10969 4
P08/rgb_frames/P08_06 10981 11155 1
P08/rgb_frames/P08_06 11389 11575 4
P08/rgb_frames/P08_06 11665 11786 3
P08/rgb_frames/P08_06 11769 11872 3
P08/rgb_frames/P08_06 12181 12550 4
P08/rgb_frames/P08_06 12506 12582 2
P08/rgb_frames/P08_06 12853 12987 4
P08/rgb_frames/P08_06 12993 13344 1
P08/rgb_frames/P08_06 13350 13436 0
P08/rgb_frames/P08_06 13451 13774 4
P08/rgb_frames/P08_06 13995 14069 4
P08/rgb_frames/P08_06 14341 14851 4
P08/rgb_frames/P08_06 14646 14859 4
P08/rgb_frames/P08_06 14894 14961 0
P08/rgb_frames/P08_06 14960 15465 4
P08/rgb_frames/P08_06 15468 15768 4
P08/rgb_frames/P08_06 15998 16275 4
P08/rgb_frames/P08_06 16288 16408 1
P08/rgb_frames/P08_06 16506 16761 1
P08/rgb_frames/P08_06 17109 17988 4
P08/rgb_frames/P08_06 17837 17979 4
P08/rgb_frames/P08_06 18370 18534 4
P08/rgb_frames/P08_06 19043 19396 4
P08/rgb_frames/P08_06 19537 20242 4
P08/rgb_frames/P08_06 20788 21664 4
P08/rgb_frames/P08_06 21105 22185 4
P08/rgb_frames/P08_06 21942 22557 4
P08/rgb_frames/P08_06 22920 22990 0
P08/rgb_frames/P08_06 23205 23325 4
P08/rgb_frames/P08_06 23601 23865 4
P08/rgb_frames/P08_06 24093 24243 4
P08/rgb_frames/P08_06 26140 26763 4
P08/rgb_frames/P08_06 26928 27080 4
P08/rgb_frames/P08_06 27520 27659 1
P08/rgb_frames/P08_06 27703 27786 0
P08/rgb_frames/P08_06 27786 27834 4
P08/rgb_frames/P08_06 27866 27934 4
P08/rgb_frames/P08_06 27932 28031 1
P08/rgb_frames/P08_06 28055 28179 4
P08/rgb_frames/P08_06 28185 28407 1
P08/rgb_frames/P08_06 28413 28453 3
P08/rgb_frames/P08_06 28444 28780 4
P08/rgb_frames/P08_06 28453 28525 3
P08/rgb_frames/P08_07 141 216 1
P08/rgb_frames/P08_07 207 324 2
P08/rgb_frames/P08_07 330 481 1
P08/rgb_frames/P08_07 427 577 2
P08/rgb_frames/P08_07 583 909 7
P08/rgb_frames/P08_07 915 1066 3
P08/rgb_frames/P08_07 1102 1155 0
P08/rgb_frames/P08_07 1194 1306 1
P08/rgb_frames/P08_08 126 258 2
P08/rgb_frames/P08_08 245 330 2
P08/rgb_frames/P08_08 334 445 1
P08/rgb_frames/P08_08 442 591 3
P08/rgb_frames/P08_08 870 915 2
P08/rgb_frames/P08_08 913 1108 4
P08/rgb_frames/P08_08 1165 1360 0
P08/rgb_frames/P08_08 1381 1539 0
P08/rgb_frames/P08_08 1525 1710 5
P08/rgb_frames/P08_08 2537 2862 0
P08/rgb_frames/P08_08 3003 3138 5
P08/rgb_frames/P08_08 3268 4247 5
P08/rgb_frames/P08_08 4271 4407 1
P08/rgb_frames/P08_08 4615 4686 1
P08/rgb_frames/P08_08 4755 4849 2
P08/rgb_frames/P08_08 4846 4971 0
P08/rgb_frames/P08_08 5044 5132 0
P08/rgb_frames/P08_08 5327 5387 2
P08/rgb_frames/P08_08 5388 5439 0
P08/rgb_frames/P08_08 5505 5623 2
P08/rgb_frames/P08_08 5698 5823 0
P08/rgb_frames/P08_08 6211 6283 2
P08/rgb_frames/P08_08 7519 7620 1
P08/rgb_frames/P08_08 7626 7701 2
P08/rgb_frames/P08_08 7704 7948 1
P08/rgb_frames/P08_08 7885 8095 3
P08/rgb_frames/P08_08 8199 8274 0
P08/rgb_frames/P08_08 8275 8388 0
P08/rgb_frames/P08_11 115 198 1
P08/rgb_frames/P08_11 460 651 0
P08/rgb_frames/P08_11 728 1103 0
P08/rgb_frames/P08_11 2556 2626 2
P08/rgb_frames/P08_11 5448 5506 0
P08/rgb_frames/P08_11 5997 6043 0
P08/rgb_frames/P08_11 6644 6898 0
P08/rgb_frames/P08_11 7206 7331 0
P08/rgb_frames/P08_11 7731 7876 2
P08/rgb_frames/P08_11 7882 8051 1
P08/rgb_frames/P08_11 8058 8112 2
P08/rgb_frames/P08_11 8131 8261 0
P08/rgb_frames/P08_11 8301 8575 7
P08/rgb_frames/P08_11 8575 9016 1
P08/rgb_frames/P08_11 8998 9073 1
P08/rgb_frames/P08_11 9079 9349 1
P08/rgb_frames/P08_11 9496 9549 3
P08/rgb_frames/P08_11 9615 9699 3
P08/rgb_frames/P08_11 10402 10469 3
P08/rgb_frames/P08_11 10751 10948 4
P08/rgb_frames/P08_11 10947 11016 0
P08/rgb_frames/P08_11 11013 11146 4
P08/rgb_frames/P08_11 11188 11331 0
P08/rgb_frames/P08_11 11326 11491 4
P08/rgb_frames/P08_12 117 252 2
P08/rgb_frames/P08_12 456 616 0
P08/rgb_frames/P08_12 623 955 4
P08/rgb_frames/P08_13 145 206 2
P08/rgb_frames/P08_13 212 319 2
P08/rgb_frames/P08_13 491 1097 0
P08/rgb_frames/P08_18 292 451 1
P08/rgb_frames/P08_18 433 531 0
P08/rgb_frames/P08_18 578 670 2
P08/rgb_frames/P08_18 756 850 1
P08/rgb_frames/P08_18 856 1640 7
P08/rgb_frames/P08_18 1654 1724 1
P08/rgb_frames/P08_18 2053 2965 1
P08/rgb_frames/P08_18 3075 3232 1
P08/rgb_frames/P08_18 3293 3367 0
P08/rgb_frames/P08_18 3373 3547 4
P08/rgb_frames/P08_18 3556 3604 2
P08/rgb_frames/P08_18 3646 3714 2
P08/rgb_frames/P08_18 4300 4405 3
P08/rgb_frames/P08_18 4443 4531 2
P08/rgb_frames/P08_18 4636 4728 2
P08/rgb_frames/P08_18 5073 5170 0
P08/rgb_frames/P08_18 5198 5357 1
P08/rgb_frames/P08_18 5393 5466 0
P08/rgb_frames/P08_18 5472 5598 4
P08/rgb_frames/P08_18 5604 5692 1
P08/rgb_frames/P08_18 5723 6029 4
P08/rgb_frames/P08_18 6044 6199 1
P08/rgb_frames/P08_18 6378 6542 1
P08/rgb_frames/P08_18 6586 6661 0
P08/rgb_frames/P08_18 7204 7326 1
P08/rgb_frames/P08_18 7780 7848 0
P08/rgb_frames/P08_18 7900 8377 4
P08/rgb_frames/P08_18 8416 8614 1
P08/rgb_frames/P08_18 8561 8787 1
P08/rgb_frames/P08_18 8700 8904 3
P08/rgb_frames/P08_18 8896 9024 0
P08/rgb_frames/P08_18 9022 9189 4
P08/rgb_frames/P08_18 9173 9422 1
P08/rgb_frames/P08_18 9417 9546 3
P08/rgb_frames/P08_18 9481 9533 0
P08/rgb_frames/P08_18 9535 9610 1
P08/rgb_frames/P08_18 9853 10119 1
P08/rgb_frames/P08_18 10170 10230 2
P08/rgb_frames/P08_18 10253 10302 1
P08/rgb_frames/P08_18 10348 10689 1
P08/rgb_frames/P08_18 10682 10757 3
P08/rgb_frames/P08_18 10748 10782 0
P08/rgb_frames/P08_18 10812 11281 4
P08/rgb_frames/P08_18 11426 11471 3
P08/rgb_frames/P08_18 11477 11522 2
P08/rgb_frames/P08_18 11633 11753 3
P08/rgb_frames/P08_18 12022 12417 2
P08/rgb_frames/P08_18 12423 12574 1
P08/rgb_frames/P08_18 13044 13294 1
P08/rgb_frames/P08_18 13310 13422 3
P08/rgb_frames/P08_18 13466 13672 4
P08/rgb_frames/P08_18 13795 14158 4
P08/rgb_frames/P08_18 14434 14896 4
P08/rgb_frames/P08_18 14900 15000 0
P08/rgb_frames/P08_18 15503 16063 4
P08/rgb_frames/P08_18 16069 16339 4
P08/rgb_frames/P08_18 16840 17302 4
P08/rgb_frames/P08_18 17296 17394 4
P08/rgb_frames/P08_18 17400 17931 4
P08/rgb_frames/P08_18 18464 18923 4
P08/rgb_frames/P08_18 18709 19872 4
P08/rgb_frames/P08_18 20426 20480 1
P08/rgb_frames/P08_18 20521 21196 4
P08/rgb_frames/P08_18 21079 21745 4
P08/rgb_frames/P08_18 21679 22180 4
P08/rgb_frames/P08_18 22582 23269 4
P08/rgb_frames/P08_18 23460 23931 4
P08/rgb_frames/P08_18 24126 24420 4
P08/rgb_frames/P08_18 24447 25444 4
P08/rgb_frames/P08_18 25609 25735 4
P08/rgb_frames/P08_18 26947 27112 1
P08/rgb_frames/P08_18 27139 27218 0
P08/rgb_frames/P08_18 27224 27462 4
P08/rgb_frames/P08_18 27718 27777 2
P08/rgb_frames/P08_18 27783 28065 3
P08/rgb_frames/P08_18 28015 28071 0
P08/rgb_frames/P08_18 28269 28815 0
P08/rgb_frames/P08_18 29134 29505 1
P08/rgb_frames/P08_18 29620 29727 1
P08/rgb_frames/P08_18 29726 29888 0
P08/rgb_frames/P08_19 2404 2488 1
P08/rgb_frames/P08_19 2447 2602 3
P08/rgb_frames/P08_19 2965 3414 4
P08/rgb_frames/P08_19 3568 3618 1
P08/rgb_frames/P08_19 3723 3770 2
P08/rgb_frames/P08_19 3772 3856 0
P08/rgb_frames/P08_19 4343 4414 0
P08/rgb_frames/P08_19 4449 4528 0
P08/rgb_frames/P08_19 4521 4605 0
P08/rgb_frames/P08_19 4585 4888 5
P08/rgb_frames/P08_19 5426 5488 4
P08/rgb_frames/P08_19 5605 5732 0
P08/rgb_frames/P08_19 5738 6158 4
P08/rgb_frames/P08_19 6188 6293 0
P08/rgb_frames/P08_19 6299 6704 7
P08/rgb_frames/P08_19 7010 7085 1
P08/rgb_frames/P08_20 171 294 0
P08/rgb_frames/P08_20 824 996 0
P08/rgb_frames/P08_20 1002 1194 0
P08/rgb_frames/P08_20 1463 1508 1
P08/rgb_frames/P08_20 1571 1702 0
P08/rgb_frames/P08_20 1774 1873 0
P08/rgb_frames/P08_20 1879 2150 5
P08/rgb_frames/P08_20 2372 2492 5
P08/rgb_frames/P08_20 2562 2629 2
P08/rgb_frames/P08_20 2646 2813 0
P08/rgb_frames/P08_20 2929 2999 2
P08/rgb_frames/P08_20 2988 3100 0
P08/rgb_frames/P08_20 8040 8600 5
P08/rgb_frames/P08_20 8078 8243 5
P08/rgb_frames/P08_20 9166 9322 0
P08/rgb_frames/P08_20 9583 9706 1
P08/rgb_frames/P08_20 9975 10078 4
P08/rgb_frames/P08_20 10169 10267 4
P08/rgb_frames/P08_20 10538 10825 4
P08/rgb_frames/P08_20 11072 11162 1
P08/rgb_frames/P08_20 11183 11232 0
P08/rgb_frames/P08_20 11266 11395 0
P08/rgb_frames/P08_20 11382 11577 4
P08/rgb_frames/P08_20 12085 12170 0
P08/rgb_frames/P08_20 12229 12298 1
P08/rgb_frames/P08_21 120 201 2
P08/rgb_frames/P08_21 318 468 2
P08/rgb_frames/P08_21 462 699 2
P08/rgb_frames/P08_21 1248 1356 1
P08/rgb_frames/P08_21 2477 2628 4
P08/rgb_frames/P08_21 2940 3054 1
P08/rgb_frames/P08_21 3670 3740 3
P08/rgb_frames/P08_21 3777 3897 1
P08/rgb_frames/P08_21 4230 4350 1
P08/rgb_frames/P08_21 4719 4824 2
P08/rgb_frames/P08_21 4830 4920 1
P08/rgb_frames/P08_21 4940 5077 1
P08/rgb_frames/P08_21 5101 5203 0
P08/rgb_frames/P08_21 5209 5297 1
P08/rgb_frames/P08_21 5334 5483 1
P08/rgb_frames/P08_21 5470 5720 0
P08/rgb_frames/P08_21 5739 5822 1
P08/rgb_frames/P08_21 6147 6233 0
P08/rgb_frames/P08_21 6271 6510 1
P08/rgb_frames/P08_21 6870 7095 0
P08/rgb_frames/P08_21 7153 7288 1
P08/rgb_frames/P08_21 7371 7721 0
P08/rgb_frames/P08_21 7722 7872 1
P08/rgb_frames/P08_21 7787 7870 1
P08/rgb_frames/P08_21 8142 8260 1
P08/rgb_frames/P08_21 8426 8573 0
P08/rgb_frames/P08_21 9152 9407 0
P08/rgb_frames/P08_21 9434 10214 1
P08/rgb_frames/P08_21 9511 10161 1
P08/rgb_frames/P08_21 10482 10685 1
P08/rgb_frames/P08_21 10851 10911 2
P08/rgb_frames/P08_21 10973 11018 1
P08/rgb_frames/P08_21 11069 11129 1
P08/rgb_frames/P08_21 11135 11240 1
P08/rgb_frames/P08_21 11261 12182 1
P08/rgb_frames/P08_21 12186 12276 1
P08/rgb_frames/P08_21 12282 12372 3
P08/rgb_frames/P08_21 12435 12510 0
P08/rgb_frames/P08_21 12570 12658 1
P08/rgb_frames/P08_21 12714 12788 2
P08/rgb_frames/P08_21 12940 13027 1
P08/rgb_frames/P08_21 13088 13181 1
P08/rgb_frames/P08_21 13233 13318 0
P08/rgb_frames/P08_21 13359 13452 4
P08/rgb_frames/P08_21 13459 13529 1
P08/rgb_frames/P08_21 13541 13630 1
P08/rgb_frames/P08_21 13640 13736 3
P08/rgb_frames/P08_21 13761 13836 3
P08/rgb_frames/P08_21 13870 13944 0
P08/rgb_frames/P08_21 13950 14113 4
P08/rgb_frames/P08_21 14105 14228 2
P08/rgb_frames/P08_21 14220 14662 1
P08/rgb_frames/P08_21 14663 14759 1
P08/rgb_frames/P08_21 14775 15285 1
P08/rgb_frames/P08_21 15427 15501 2
P08/rgb_frames/P08_21 15493 15673 1
P08/rgb_frames/P08_21 15628 15710 3
P08/rgb_frames/P08_21 15653 15748 0
P08/rgb_frames/P08_21 16095 16185 2
P08/rgb_frames/P08_21 16206 16386 0
P08/rgb_frames/P08_21 16414 16479 2
P08/rgb_frames/P08_21 16614 16677 0
P08/rgb_frames/P08_21 16942 16996 2
P08/rgb_frames/P08_21 16981 17101 0
P08/rgb_frames/P08_21 17218 17308 2
P08/rgb_frames/P08_21 17329 17492 0
P08/rgb_frames/P08_21 18015 18058 1
P08/rgb_frames/P08_21 18641 18748 1
P08/rgb_frames/P08_21 18770 18845 2
P08/rgb_frames/P08_21 18853 18955 0
P08/rgb_frames/P08_21 19140 19336 7
P08/rgb_frames/P08_21 19441 19684 2
P08/rgb_frames/P08_21 19788 19848 0
P08/rgb_frames/P08_21 20090 20391 3
P08/rgb_frames/P08_21 20415 20700 7
P08/rgb_frames/P08_21 21424 21597 7
P08/rgb_frames/P08_21 21577 21772 7
P08/rgb_frames/P08_21 21778 22045 6
P08/rgb_frames/P08_21 23082 23232 3
P08/rgb_frames/P08_21 23217 23298 2
P08/rgb_frames/P08_21 23238 23613 0
P08/rgb_frames/P08_21 23304 23439 1
P08/rgb_frames/P08_21 23687 23868 0
P08/rgb_frames/P08_21 24021 24066 2
P08/rgb_frames/P08_21 24120 24547 7
P08/rgb_frames/P08_21 25525 25683 3
P08/rgb_frames/P08_21 25692 25741 2
P08/rgb_frames/P08_21 25825 25921 1
P08/rgb_frames/P08_21 25933 26532 0
P08/rgb_frames/P08_21 25959 26291 2
P08/rgb_frames/P08_21 26284 26528 7
P08/rgb_frames/P08_21 26539 26644 1
P08/rgb_frames/P08_21 26640 26698 3
P08/rgb_frames/P08_21 26727 28155 6
P08/rgb_frames/P08_21 28192 28266 2
P08/rgb_frames/P08_21 28296 28593 0
P08/rgb_frames/P08_21 28690 28762 0
P08/rgb_frames/P08_21 29245 29320 1
P08/rgb_frames/P08_21 29424 29469 2
P08/rgb_frames/P08_21 29964 30046 3
P08/rgb_frames/P08_21 30867 30987 1
P08/rgb_frames/P08_21 31857 31932 2
P08/rgb_frames/P08_21 31906 31982 1
P08/rgb_frames/P08_21 31966 32082 3
P08/rgb_frames/P08_21 32088 32256 4
P08/rgb_frames/P08_21 32321 32425 2
P08/rgb_frames/P08_21 32431 32516 0
P08/rgb_frames/P08_21 32652 32704 2
P08/rgb_frames/P08_21 32710 32933 7
P08/rgb_frames/P08_21 32939 32993 3
P08/rgb_frames/P08_21 34713 34799 0
P08/rgb_frames/P08_21 35329 36028 4
P08/rgb_frames/P08_21 36018 36914 4
P08/rgb_frames/P08_21 37105 37269 4
P08/rgb_frames/P08_21 37257 37516 4
P08/rgb_frames/P08_21 37572 37681 0
P08/rgb_frames/P08_21 37683 37827 4
P08/rgb_frames/P08_21 38176 38639 6
P08/rgb_frames/P08_21 38645 40064 6
P08/rgb_frames/P08_21 40425 40489 2
P08/rgb_frames/P08_21 40472 40608 1
P08/rgb_frames/P08_21 40717 40951 0
P08/rgb_frames/P08_21 40748 40923 7
P08/rgb_frames/P08_21 40931 41039 3
P08/rgb_frames/P08_21 41046 41196 1
P08/rgb_frames/P08_21 41221 41341 2
P08/rgb_frames/P08_21 41467 41513 3
P08/rgb_frames/P08_21 41520 41610 2
P08/rgb_frames/P08_21 41623 41794 0
P08/rgb_frames/P08_21 41800 41926 3
P08/rgb_frames/P08_21 41974 42055 2
P08/rgb_frames/P08_21 42049 42154 0
P08/rgb_frames/P08_21 42236 42332 2
P08/rgb_frames/P08_21 42926 43059 1
P08/rgb_frames/P08_21 43008 43732 6
P08/rgb_frames/P08_21 43731 43853 2
P08/rgb_frames/P08_21 43850 44032 7
P08/rgb_frames/P08_21 44029 44151 3
P08/rgb_frames/P08_21 44126 44215 2
P08/rgb_frames/P08_21 44214 44269 1
P08/rgb_frames/P08_21 44260 44359 3
P08/rgb_frames/P08_21 44307 44409 2
P08/rgb_frames/P08_21 44413 44611 0
P08/rgb_frames/P08_21 45387 45453 3
P08/rgb_frames/P08_21 45459 46050 6
P08/rgb_frames/P08_21 46025 46154 2
P08/rgb_frames/P08_21 46340 47061 6
P08/rgb_frames/P08_21 47067 47241 7
P08/rgb_frames/P08_21 47280 48219 6
P08/rgb_frames/P08_21 48270 48415 7
P08/rgb_frames/P08_21 48438 48533 3
P08/rgb_frames/P08_21 48547 48597 1
P08/rgb_frames/P08_21 48927 49768 6
P08/rgb_frames/P08_21 49089 50543 6
P08/rgb_frames/P08_21 50601 50682 2
P08/rgb_frames/P08_21 50857 50932 2
P08/rgb_frames/P08_21 50933 51070 0
P08/rgb_frames/P08_21 51342 51626 7
P08/rgb_frames/P08_21 52047 52384 6
P08/rgb_frames/P08_21 53085 53151 0
P08/rgb_frames/P08_21 53157 53573 0
P08/rgb_frames/P08_21 53632 53967 7
P08/rgb_frames/P08_21 54165 54711 6
P08/rgb_frames/P08_21 54196 54369 6
P08/rgb_frames/P08_21 54820 55110 7
P08/rgb_frames/P08_21 55116 56401 7
P08/rgb_frames/P08_21 56416 56500 1
P08/rgb_frames/P08_21 58571 58683 1
P08/rgb_frames/P08_21 58740 58845 4
P08/rgb_frames/P08_21 59299 59346 2
P08/rgb_frames/P08_21 59346 59409 2
P08/rgb_frames/P08_21 59412 59742 0
P08/rgb_frames/P08_21 59737 59874 3
P08/rgb_frames/P08_21 59880 59928 2
P08/rgb_frames/P08_21 60290 60470 0
P08/rgb_frames/P08_21 60457 60546 3
P08/rgb_frames/P08_21 60663 60728 2
P08/rgb_frames/P08_21 60729 60797 0
P08/rgb_frames/P08_21 60933 61083 5
P08/rgb_frames/P08_21 61420 61477 0
P08/rgb_frames/P08_21 61462 61705 5
P08/rgb_frames/P08_21 61771 61948 2
P08/rgb_frames/P08_21 62060 62302 7
P08/rgb_frames/P08_21 62416 62673 7
P08/rgb_frames/P08_21 62671 62733 2
P08/rgb_frames/P08_21 62720 62874 0
P08/rgb_frames/P08_21 63028 63498 1
P08/rgb_frames/P08_21 63155 63890 1
P08/rgb_frames/P08_21 63939 64242 1
P08/rgb_frames/P08_21 64280 64493 4
P08/rgb_frames/P08_21 64494 65091 3
P08/rgb_frames/P08_21 65069 65171 2
P08/rgb_frames/P08_21 65177 65287 0
P08/rgb_frames/P08_21 65294 65679 3
P08/rgb_frames/P08_21 65818 65902 2
P08/rgb_frames/P08_21 65918 65964 0
P08/rgb_frames/P08_21 65992 66063 2
P08/rgb_frames/P08_21 66237 66339 3
P08/rgb_frames/P08_21 66280 66459 3
P08/rgb_frames/P08_21 66459 66613 1
P08/rgb_frames/P08_21 67642 67753 2
P08/rgb_frames/P08_21 67791 67833 0
P08/rgb_frames/P08_21 67837 67948 1
P08/rgb_frames/P08_21 68611 68702 0
P08/rgb_frames/P08_21 69227 69286 2
P08/rgb_frames/P08_21 69270 69330 1
P08/rgb_frames/P08_21 69396 69450 3
P08/rgb_frames/P08_21 69467 69552 0
P08/rgb_frames/P08_21 69640 69728 2
P08/rgb_frames/P08_21 70162 70237 1
P08/rgb_frames/P08_21 70765 70802 2
P08/rgb_frames/P08_21 70852 70964 0
P08/rgb_frames/P08_21 71487 71563 2
P08/rgb_frames/P08_21 71618 71687 0
P08/rgb_frames/P08_21 71682 71779 0
P08/rgb_frames/P08_21 71803 71997 1
P08/rgb_frames/P08_21 72115 72192 2
P08/rgb_frames/P08_21 72208 72273 1
P08/rgb_frames/P08_21 72308 72368 3
P08/rgb_frames/P08_21 72394 72491 2
P08/rgb_frames/P08_21 72592 72681 1
P08/rgb_frames/P08_21 72681 72765 3
P08/rgb_frames/P08_21 72974 73038 1
P08/rgb_frames/P08_21 73095 73191 2
P08/rgb_frames/P08_21 73346 73886 6
P08/rgb_frames/P08_21 73885 74968 6
P08/rgb_frames/P08_21 75102 75218 2
P08/rgb_frames/P08_21 75183 75244 0
P08/rgb_frames/P08_21 76408 76458 3
P08/rgb_frames/P08_21 76506 76581 0
P08/rgb_frames/P08_21 76616 76755 0
P08/rgb_frames/P08_21 76960 77016 2
P08/rgb_frames/P08_21 77179 77241 1
P08/rgb_frames/P08_21 77311 77409 3
P08/rgb_frames/P08_21 77430 77477 2
P08/rgb_frames/P08_21 77466 77558 1
P08/rgb_frames/P08_21 77562 77623 3
P08/rgb_frames/P08_21 77693 78089 6
P08/rgb_frames/P08_21 78165 78231 0
P08/rgb_frames/P08_21 78525 78630 1
P08/rgb_frames/P08_21 78838 79692 1
P08/rgb_frames/P08_21 79698 80155 1
P08/rgb_frames/P08_21 80255 80365 2
P08/rgb_frames/P08_21 80347 80589 0
P08/rgb_frames/P08_21 80629 80726 3
P08/rgb_frames/P08_21 80753 81174 2
P08/rgb_frames/P08_21 81208 81294 2
P08/rgb_frames/P08_21 81280 81521 0
P08/rgb_frames/P08_21 81639 81730 0
P08/rgb_frames/P08_21 81715 82216 1
P08/rgb_frames/P08_21 81718 81847 1
P08/rgb_frames/P08_21 81848 81953 0
P08/rgb_frames/P08_21 82221 82311 3
P08/rgb_frames/P08_21 82678 82749 0
P08/rgb_frames/P08_21 82952 83042 0
P08/rgb_frames/P08_21 83301 83362 0
P08/rgb_frames/P08_21 83793 83872 1
P08/rgb_frames/P08_21 83915 84046 4
P08/rgb_frames/P08_21 84202 84336 0
P08/rgb_frames/P08_22 135 232 0
P08/rgb_frames/P08_22 232 384 1
P08/rgb_frames/P08_22 383 458 2
P08/rgb_frames/P08_22 492 663 0
P08/rgb_frames/P08_22 653 898 1
P08/rgb_frames/P08_22 863 1316 1
P08/rgb_frames/P08_22 1342 1398 0
P08/rgb_frames/P08_22 1413 1456 0
P08/rgb_frames/P08_22 1474 1556 1
P08/rgb_frames/P08_22 1561 1658 1
P08/rgb_frames/P08_22 1740 1961 1
P08/rgb_frames/P08_22 2046 2139 3
P08/rgb_frames/P08_22 2178 2262 0
P08/rgb_frames/P08_22 2269 2472 1
P08/rgb_frames/P08_22 2478 2667 3
P08/rgb_frames/P08_22 2718 2877 4
P08/rgb_frames/P08_22 3037 3244 4
P08/rgb_frames/P08_22 3386 3477 4
P08/rgb_frames/P08_22 3483 3537 0
P08/rgb_frames/P08_22 3857 4118 4
P08/rgb_frames/P08_22 4124 4674 4
P08/rgb_frames/P08_22 5689 5816 1
P08/rgb_frames/P08_22 5950 6161 1
P08/rgb_frames/P08_22 6139 6244 0
P08/rgb_frames/P08_22 6235 6688 4
P08/rgb_frames/P08_22 7151 7302 1
P08/rgb_frames/P08_23 237 301 2
P08/rgb_frames/P08_23 354 453 0
P08/rgb_frames/P08_23 527 612 0
P08/rgb_frames/P08_23 651 845 0
P08/rgb_frames/P08_23 744 904 0
P08/rgb_frames/P08_23 1033 1142 2
P08/rgb_frames/P08_23 1131 1262 0
P08/rgb_frames/P08_23 1494 1658 0
P08/rgb_frames/P08_23 1800 2163 2
P08/rgb_frames/P08_23 2215 2496 1
P08/rgb_frames/P08_23 2515 2716 1
P08/rgb_frames/P08_23 3136 3271 3
P08/rgb_frames/P08_23 3855 4062 0
P08/rgb_frames/P08_23 4228 4260 0
P08/rgb_frames/P08_23 4386 4439 2
P08/rgb_frames/P08_23 4632 5001 0
P08/rgb_frames/P08_23 5010 5139 1
P08/rgb_frames/P08_23 5173 5346 0
P08/rgb_frames/P08_23 5487 5541 1
P08/rgb_frames/P08_23 5733 6140 4
P08/rgb_frames/P08_23 6174 6387 0
P08/rgb_frames/P08_23 6379 6673 4
P08/rgb_frames/P08_23 6881 7008 4
P08/rgb_frames/P08_23 7014 7073 0
P08/rgb_frames/P08_23 7188 7378 0
P08/rgb_frames/P08_23 7400 7794 4
P08/rgb_frames/P08_23 8004 8941 4
P08/rgb_frames/P08_23 8875 9169 4
P08/rgb_frames/P08_23 9405 9470 0
P08/rgb_frames/P08_23 9561 10437 5
P08/rgb_frames/P08_23 10120 11475 5
P08/rgb_frames/P08_23 10517 11043 5
P08/rgb_frames/P08_23 11466 11515 0
P08/rgb_frames/P08_23 11560 11920 4
P08/rgb_frames/P08_23 11937 12046 4
P08/rgb_frames/P08_23 12237 12609 0
P08/rgb_frames/P08_23 12703 12961 4
P08/rgb_frames/P08_23 13036 13131 0
P08/rgb_frames/P08_23 13162 13328 4
P08/rgb_frames/P08_23 13409 13439 1
P08/rgb_frames/P08_23 13579 13773 4
P08/rgb_frames/P08_23 13776 13866 1
P08/rgb_frames/P08_23 14223 14253 1
P08/rgb_frames/P08_23 14384 15000 4
P08/rgb_frames/P08_23 15005 15149 1
P08/rgb_frames/P08_23 15044 15124 1
P08/rgb_frames/P08_23 15388 15550 4
P08/rgb_frames/P08_23 15892 16002 0
P08/rgb_frames/P08_23 16060 16806 0
P08/rgb_frames/P08_23 16073 16883 0
P08/rgb_frames/P08_23 16845 17015 0
P08/rgb_frames/P08_23 17929 18014 4
P08/rgb_frames/P08_23 18295 18523 1
P08/rgb_frames/P08_23 18799 18931 0
P08/rgb_frames/P08_23 18955 19071 0
P08/rgb_frames/P08_23 19104 19215 1
P08/rgb_frames/P08_23 19272 19390 0
P08/rgb_frames/P08_23 19418 19625 1
P08/rgb_frames/P08_23 19704 19799 0
P08/rgb_frames/P08_23 19793 20119 4
P08/rgb_frames/P08_23 20125 20179 2
P08/rgb_frames/P08_23 20268 20476 2
P08/rgb_frames/P08_23 20508 20728 0
P08/rgb_frames/P08_23 20751 21447 0
P08/rgb_frames/P08_23 21465 21555 2
P08/rgb_frames/P08_23 21543 22020 4
P08/rgb_frames/P08_23 22017 22146 1
P08/rgb_frames/P08_23 22158 22552 0
P08/rgb_frames/P08_23 22533 22837 4
P08/rgb_frames/P08_23 22878 22992 1
P08/rgb_frames/P08_23 23022 23089 2
P08/rgb_frames/P08_23 23120 23254 0
P08/rgb_frames/P08_23 23332 23725 1
P08/rgb_frames/P08_23 23826 23929 2
P08/rgb_frames/P08_23 23919 24025 1
P08/rgb_frames/P08_23 24048 24092 3
P08/rgb_frames/P08_23 24441 24511 3
P08/rgb_frames/P08_23 24627 25315 0
P08/rgb_frames/P08_23 25281 25399 0
P08/rgb_frames/P08_23 25453 26443 5
P08/rgb_frames/P08_23 25883 27276 5
P08/rgb_frames/P08_23 27299 27588 1
P08/rgb_frames/P08_23 27713 28315 0
P08/rgb_frames/P08_23 28267 28477 4
P08/rgb_frames/P08_23 28506 29646 5
P08/rgb_frames/P08_23 29701 29855 1
P08/rgb_frames/P08_23 29843 30027 0
P08/rgb_frames/P08_23 30018 30112 4
P08/rgb_frames/P08_23 31008 31585 5
P08/rgb_frames/P08_23 31600 31787 1
P08/rgb_frames/P08_23 32016 32267 0
P08/rgb_frames/P08_23 32273 32704 5
P08/rgb_frames/P08_23 32919 33226 0
P08/rgb_frames/P08_23 33263 34890 5
P08/rgb_frames/P08_23 34870 34976 1
P08/rgb_frames/P08_23 34975 35263 0
P08/rgb_frames/P08_23 35256 35412 4
P08/rgb_frames/P08_23 35380 35658 5
P08/rgb_frames/P08_23 39052 39297 1
P08/rgb_frames/P08_23 39303 40330 5
P08/rgb_frames/P08_23 40514 40821 1
P08/rgb_frames/P08_23 41062 41585 5
P08/rgb_frames/P08_23 41678 41794 0
P08/rgb_frames/P08_23 41968 42055 0
P08/rgb_frames/P08_23 42178 42715 5
P08/rgb_frames/P08_23 42500 43175 5
P08/rgb_frames/P08_23 44596 45504 5
P08/rgb_frames/P08_23 46164 46440 4
P08/rgb_frames/P08_23 46446 46861 0
P08/rgb_frames/P08_23 47070 47188 4
P08/rgb_frames/P08_23 47262 47793 4
P08/rgb_frames/P08_23 47798 48005 4
P08/rgb_frames/P08_23 48081 48231 1
P08/rgb_frames/P08_23 48201 48281 0
P08/rgb_frames/P08_23 48311 48397 3
P08/rgb_frames/P08_23 48519 48600 4
P08/rgb_frames/P08_23 48651 48751 0
P08/rgb_frames/P08_23 48835 49018 3
P08/rgb_frames/P08_23 49116 49231 2
P08/rgb_frames/P08_23 49214 49353 1
P08/rgb_frames/P08_23 49359 49480 3
P08/rgb_frames/P08_23 49470 49531 0
P08/rgb_frames/P08_23 49536 49608 0
P08/rgb_frames/P08_23 49822 49896 4
P08/rgb_frames/P08_23 50649 50787 0
P08/rgb_frames/P08_23 50823 50883 1
P08/rgb_frames/P08_23 50949 51249 1
P08/rgb_frames/P08_23 51336 52464 5
P08/rgb_frames/P08_23 51821 53338 5
P08/rgb_frames/P08_23 52900 53316 5
P08/rgb_frames/P08_23 53730 54170 5
P08/rgb_frames/P08_23 54176 55065 5
P08/rgb_frames/P08_23 55342 56321 5
P08/rgb_frames/P08_23 57068 57124 2
P08/rgb_frames/P08_23 57127 57198 2
P08/rgb_frames/P08_23 57234 57317 0
P08/rgb_frames/P08_23 58101 58216 3
P08/rgb_frames/P08_23 58186 58237 1
P08/rgb_frames/P08_23 58260 58306 2
P08/rgb_frames/P08_23 58415 58514 0
P08/rgb_frames/P08_23 58528 58592 3
P08/rgb_frames/P08_23 58598 58694 2
P08/rgb_frames/P08_23 58640 58715 1
P08/rgb_frames/P08_23 58963 59071 3
P08/rgb_frames/P08_23 59383 60115 0
P08/rgb_frames/P08_23 60386 60736 1
P08/rgb_frames/P08_23 60774 60829 0
P08/rgb_frames/P08_23 61391 61646 0
P08/rgb_frames/P08_23 61669 62080 0
P08/rgb_frames/P08_23 62085 62164 1
P08/rgb_frames/P08_23 62476 62721 0
P08/rgb_frames/P08_23 63260 63665 0
P08/rgb_frames/P08_23 63660 64160 0
P08/rgb_frames/P08_23 64630 64720 4
P08/rgb_frames/P08_23 64756 64819 4
P08/rgb_frames/P08_23 64831 64910 0
P08/rgb_frames/P08_23 64961 65013 2
P08/rgb_frames/P08_23 65034 65106 0
P08/rgb_frames/P08_23 65066 65284 1
P08/rgb_frames/P08_23 65384 65487 1
P08/rgb_frames/P08_23 65665 65920 1
P08/rgb_frames/P08_23 66225 66346 1
P08/rgb_frames/P08_23 66566 66738 1
P08/rgb_frames/P08_23 67213 67831 1
P08/rgb_frames/P08_23 67905 67969 4
P08/rgb_frames/P08_23 67977 68041 4
P08/rgb_frames/P08_23 68127 68230 2
P08/rgb_frames/P08_23 68281 68519 0
P08/rgb_frames/P08_23 68525 68683 1
P08/rgb_frames/P08_23 68689 68953 0
P08/rgb_frames/P08_23 68959 69133 1
P08/rgb_frames/P08_23 69139 69265 0
P08/rgb_frames/P08_23 69300 69398 3
P08/rgb_frames/P08_23 69793 69858 2
P08/rgb_frames/P08_23 69852 69923 0
P08/rgb_frames/P08_23 69927 69981 0
P08/rgb_frames/P08_23 69987 70162 7
P08/rgb_frames/P08_23 70161 70363 7
P08/rgb_frames/P08_23 70485 70839 6
P08/rgb_frames/P08_23 70659 72085 6
P08/rgb_frames/P08_23 72541 72895 6
P08/rgb_frames/P08_23 72957 73018 2
P08/rgb_frames/P08_23 73009 73076 2
P08/rgb_frames/P08_23 73168 73220 0
P08/rgb_frames/P08_23 73372 73534 2
P08/rgb_frames/P08_23 73604 73678 2
P08/rgb_frames/P08_23 73683 74017 0
P08/rgb_frames/P08_23 74203 74436 7
P08/rgb_frames/P08_23 74422 75175 6
P08/rgb_frames/P08_23 74880 75988 6
P08/rgb_frames/P08_23 75219 75420 7
P08/rgb_frames/P08_23 76422 76578 1
P08/rgb_frames/P08_23 77054 77474 6
P08/rgb_frames/P08_23 77480 77613 3
P08/rgb_frames/P08_23 77665 77737 2
P08/rgb_frames/P08_23 77734 77811 1
P08/rgb_frames/P08_23 77829 77886 3
P08/rgb_frames/P08_23 77976 78060 4
P08/rgb_frames/P08_23 78265 78396 0
P08/rgb_frames/P08_23 78541 78700 1
P08/rgb_frames/P08_23 78699 79206 7
P08/rgb_frames/P08_23 79200 79327 1
P08/rgb_frames/P08_23 79326 79427 1
P08/rgb_frames/P08_23 79633 79701 4
P08/rgb_frames/P08_23 79703 79764 2
P08/rgb_frames/P08_23 79716 79807 1
P08/rgb_frames/P08_23 79813 79919 4
P08/rgb_frames/P08_23 79992 80088 2
P08/rgb_frames/P08_23 80136 80200 3
P08/rgb_frames/P08_23 80637 80688 0
P08/rgb_frames/P08_23 80821 80889 4
P08/rgb_frames/P08_23 81014 81180 5
P08/rgb_frames/P08_23 81874 82338 4
P08/rgb_frames/P08_23 82344 82899 4
P08/rgb_frames/P08_23 82767 82858 3
P08/rgb_frames/P08_23 82998 83058 0
P08/rgb_frames/P08_23 83064 83505 1
P08/rgb_frames/P08_23 83517 83673 2
P08/rgb_frames/P08_23 84136 84236 3
P08/rgb_frames/P08_23 84489 84915 5
P08/rgb_frames/P08_23 84978 85279 1
P08/rgb_frames/P08_23 85377 85495 3
P08/rgb_frames/P08_23 86019 86118 2
P08/rgb_frames/P08_23 86094 86200 0
P08/rgb_frames/P08_23 87790 87871 2
P08/rgb_frames/P08_23 87862 89461 1
P08/rgb_frames/P08_23 89394 89793 6
P08/rgb_frames/P08_23 89818 90034 1
P08/rgb_frames/P08_23 90050 90276 0
P08/rgb_frames/P08_23 90421 90804 0
P08/rgb_frames/P08_23 90887 90994 2
P08/rgb_frames/P08_23 90981 91061 4
P08/rgb_frames/P08_23 91177 91301 0
P08/rgb_frames/P08_23 91272 91443 4
P08/rgb_frames/P08_23 91449 91771 2
P08/rgb_frames/P08_24 122 210 2
P08/rgb_frames/P08_24 309 368 2
P08/rgb_frames/P08_24 382 737 0
P08/rgb_frames/P08_24 790 846 1
P08/rgb_frames/P08_24 862 972 2
P08/rgb_frames/P08_24 1004 1067 2
P08/rgb_frames/P08_24 1071 1152 0
P08/rgb_frames/P08_24 1275 1350 0
P08/rgb_frames/P08_24 1967 2267 0
P08/rgb_frames/P08_24 2560 2843 0
P08/rgb_frames/P08_24 2800 2896 1
P08/rgb_frames/P08_24 3648 3715 1
P08/rgb_frames/P08_24 3763 4491 5
P08/rgb_frames/P08_24 5497 5541 1
P08/rgb_frames/P08_24 5625 5696 0
P08/rgb_frames/P08_24 5803 5883 3
P08/rgb_frames/P08_24 6052 6120 1
P08/rgb_frames/P08_24 6190 6273 0
P08/rgb_frames/P08_24 6279 7076 0
P08/rgb_frames/P08_24 7121 7177 0
P08/rgb_frames/P08_24 7182 7451 5
P08/rgb_frames/P08_24 7236 7443 5
P08/rgb_frames/P08_24 7511 7583 1
P08/rgb_frames/P08_24 7711 7822 0
P08/rgb_frames/P08_24 7803 7890 1
P08/rgb_frames/P08_24 7936 8020 0
P08/rgb_frames/P08_24 8410 8592 5
P08/rgb_frames/P08_24 8662 8793 0
P08/rgb_frames/P08_24 8700 8808 0
P08/rgb_frames/P08_24 8778 8995 5
P08/rgb_frames/P08_24 8998 9042 0
P08/rgb_frames/P08_24 9048 9130 5
P08/rgb_frames/P08_24 9135 9286 5
P08/rgb_frames/P08_24 9186 9308 5
P08/rgb_frames/P08_24 9314 9393 0
P08/rgb_frames/P08_24 9399 9543 5
P08/rgb_frames/P08_24 9480 9751 5
P08/rgb_frames/P08_24 10056 10143 2
P08/rgb_frames/P08_24 10135 10242 0
P08/rgb_frames/P08_24 10241 10494 1
P08/rgb_frames/P08_24 11148 11338 0
P08/rgb_frames/P08_24 11796 11910 1
P08/rgb_frames/P08_24 12028 12093 0
P08/rgb_frames/P08_24 12096 12214 1
P08/rgb_frames/P08_24 12263 12445 0
P08/rgb_frames/P08_24 12451 12626 1
P08/rgb_frames/P08_24 12693 13074 6
P08/rgb_frames/P08_24 13823 13919 1
P08/rgb_frames/P08_24 14001 14162 1
P08/rgb_frames/P08_24 14338 14710 1
P08/rgb_frames/P08_24 14733 14901 0
P08/rgb_frames/P08_24 15017 17163 1
P08/rgb_frames/P08_24 15919 17412 1
P08/rgb_frames/P08_24 17699 18015 1
P08/rgb_frames/P08_24 18088 18218 1
P08/rgb_frames/P08_24 18642 18837 0
P08/rgb_frames/P08_24 18999 19149 1
P08/rgb_frames/P08_24 19258 19335 2
P08/rgb_frames/P08_24 19306 19457 0
P08/rgb_frames/P08_24 19586 19936 1
P08/rgb_frames/P08_24 20088 20284 1
P08/rgb_frames/P08_24 20394 20667 1
P08/rgb_frames/P08_24 20825 20898 2
P08/rgb_frames/P08_24 20872 20940 0
P08/rgb_frames/P08_24 21032 21265 6
P08/rgb_frames/P08_24 21402 21907 6
P08/rgb_frames/P08_24 21913 22817 6
P08/rgb_frames/P08_24 23251 23341 1
P08/rgb_frames/P08_24 23566 23648 1
P08/rgb_frames/P08_24 23860 24009 1
P08/rgb_frames/P08_24 24243 24453 0
P08/rgb_frames/P08_24 24566 24643 1
P08/rgb_frames/P08_24 25483 25843 7
P08/rgb_frames/P08_24 25935 26314 6
P08/rgb_frames/P08_24 26204 26919 6
P08/rgb_frames/P08_24 26542 28182 6
P08/rgb_frames/P08_24 28196 28243 1
P08/rgb_frames/P08_24 28440 28492 1
P08/rgb_frames/P08_24 28521 28574 2
P08/rgb_frames/P08_24 28871 29171 1
P08/rgb_frames/P08_24 29177 29282 1
P08/rgb_frames/P08_24 29288 29746 7
P08/rgb_frames/P08_24 29819 30928 6
P08/rgb_frames/P08_24 31083 31128 2
P08/rgb_frames/P08_24 31111 31281 0
P08/rgb_frames/P08_24 31282 31375 0
P08/rgb_frames/P08_24 31572 31652 1
P08/rgb_frames/P08_24 31968 32093 1
P08/rgb_frames/P08_24 32100 32667 6
P08/rgb_frames/P08_24 32896 33425 1
P08/rgb_frames/P08_24 33433 33490 1
P08/rgb_frames/P08_24 33521 33596 0
P08/rgb_frames/P08_24 33718 34164 1
P08/rgb_frames/P08_24 34162 34281 0
P08/rgb_frames/P08_25 64 194 0
P08/rgb_frames/P08_25 193 296 1
P08/rgb_frames/P08_25 303 367 2
P08/rgb_frames/P08_25 373 459 2
P08/rgb_frames/P08_25 453 619 0
P08/rgb_frames/P08_25 819 937 0
P08/rgb_frames/P08_25 1062 1153 4
P08/rgb_frames/P08_26 78 180 1
P08/rgb_frames/P08_26 192 290 0
P08/rgb_frames/P08_26 384 469 2
P08/rgb_frames/P08_26 466 638 1
P08/rgb_frames/P08_26 660 750 0
P08/rgb_frames/P08_26 756 960 4
P08/rgb_frames/P08_26 966 1110 1
P08/rgb_frames/P08_26 1113 1158 0
P08/rgb_frames/P08_26 1164 1269 1
P08/rgb_frames/P08_26 1380 1455 0
P08/rgb_frames/P08_26 1461 1536 4
P08/rgb_frames/P08_26 1542 1632 1
P08/rgb_frames/P08_26 1638 1698 0
P08/rgb_frames/P08_26 1824 1926 0
P08/rgb_frames/P08_26 1924 2227 4
P08/rgb_frames/P08_26 2126 2443 1
P08/rgb_frames/P08_26 2449 2555 0
P08/rgb_frames/P08_26 2561 2819 4
P08/rgb_frames/P08_26 2815 3087 1
P08/rgb_frames/P08_26 3090 3165 0
P08/rgb_frames/P08_26 3923 4123 1
P08/rgb_frames/P08_26 4135 4269 0
P08/rgb_frames/P08_26 4222 4885 2
P08/rgb_frames/P08_26 4876 5180 4
P08/rgb_frames/P08_26 5774 5865 3
P08/rgb_frames/P08_26 5871 5970 0
P08/rgb_frames/P08_26 6053 6283 4
P08/rgb_frames/P08_26 6340 6461 1
P08/rgb_frames/P08_26 6466 6668 3
P08/rgb_frames/P08_26 6669 6772 3
P08/rgb_frames/P08_26 6778 7027 0
P08/rgb_frames/P08_26 6914 6976 0
P08/rgb_frames/P08_26 7138 7206 2
P08/rgb_frames/P08_26 7204 7390 1
P08/rgb_frames/P08_26 7396 7462 1
P08/rgb_frames/P08_26 7468 7557 1
P08/rgb_frames/P08_26 7594 7635 0
P08/rgb_frames/P08_26 7661 7960 1
P08/rgb_frames/P08_26 7965 8109 0
P08/rgb_frames/P08_26 8337 8465 4
P08/rgb_frames/P08_26 8465 8528 0
P08/rgb_frames/P08_26 8511 8587 1
P08/rgb_frames/P08_26 8643 8925 4
P08/rgb_frames/P08_26 8931 9100 4
P08/rgb_frames/P08_26 9036 9322 4
P08/rgb_frames/P08_26 9864 9987 1
P08/rgb_frames/P08_26 9987 10573 4
P08/rgb_frames/P08_26 10564 10632 0
P08/rgb_frames/P08_26 10634 10834 4
P08/rgb_frames/P08_26 10858 11289 4
P08/rgb_frames/P08_26 11472 11518 0
P08/rgb_frames/P08_26 11556 11713 4
P08/rgb_frames/P08_26 11721 11827 0
P08/rgb_frames/P08_26 12669 13084 4
P08/rgb_frames/P08_26 14057 14217 4
P08/rgb_frames/P08_26 14415 14775 4
P08/rgb_frames/P08_26 14781 15231 4
P08/rgb_frames/P08_26 15657 15750 4
P08/rgb_frames/P08_26 16155 16695 4
P08/rgb_frames/P08_26 16797 16947 4
P08/rgb_frames/P08_26 17425 17800 4
P08/rgb_frames/P08_26 17526 18507 4
P08/rgb_frames/P08_26 18540 18835 4
P08/rgb_frames/P08_26 19387 19537 4
P08/rgb_frames/P08_26 19849 20028 4
P08/rgb_frames/P08_26 20134 20694 4
P08/rgb_frames/P08_26 21052 21117 1
P08/rgb_frames/P08_26 21570 21903 4
P08/rgb_frames/P08_26 22032 22092 0
P08/rgb_frames/P08_26 22106 22233 4
P08/rgb_frames/P08_26 22257 22397 1
P08/rgb_frames/P08_26 22284 22359 4
P08/rgb_frames/P08_26 22575 22651 4
P08/rgb_frames/P08_26 22638 22713 1
P08/rgb_frames/P08_26 23146 23254 2
P08/rgb_frames/P08_26 23254 23396 0
P08/rgb_frames/P08_26 23427 23885 1
P08/rgb_frames/P08_26 23983 24058 2
P08/rgb_frames/P08_26 24064 24172 1
P08/rgb_frames/P08_26 24159 24223 3
P08/rgb_frames/P08_27 162 375 0
P08/rgb_frames/P08_27 381 534 0
P08/rgb_frames/P08_27 727 792 0
P08/rgb_frames/P08_27 798 1188 4
P08/rgb_frames/P08_27 1503 2124 5
P08/rgb_frames/P08_27 2361 2541 2
P08/rgb_frames/P08_27 2539 2965 0
P08/rgb_frames/P08_27 3261 3769 5
P08/rgb_frames/P08_27 3666 4623 5
P08/rgb_frames/P08_27 4786 4984 5
P08/rgb_frames/P08_27 5086 5237 2
P08/rgb_frames/P08_27 5213 5299 0
P08/rgb_frames/P08_27 8368 8469 2
P08/rgb_frames/P08_27 8419 8585 4
P08/rgb_frames/P08_27 8709 8830 0
P08/rgb_frames/P08_27 8806 8905 4
P08/rgb_frames/P08_27 8881 8966 2
P08/rgb_frames/P08_27 9025 9128 1
P08/rgb_frames/P08_27 9178 9311 1
P08/rgb_frames/P08_27 9307 9432 3
P08/rgb_frames/P08_27 9493 9595 0
P08/rgb_frames/P08_27 9534 9634 2
P08/rgb_frames/P08_27 9640 9819 4
P08/rgb_frames/P08_27 9930 10074 4
P08/rgb_frames/P08_27 10105 10178 0
P08/rgb_frames/P08_27 10203 10396 4
P08/rgb_frames/P08_27 10420 10467 1
P08/rgb_frames/P08_27 10679 10829 4
P08/rgb_frames/P08_27 10851 10950 0
P08/rgb_frames/P08_27 10984 11088 1
P08/rgb_frames/P08_28 39 120 0
P08/rgb_frames/P08_28 126 186 0
P08/rgb_frames/P08_28 207 310 2
P08/rgb_frames/P08_28 423 565 1
P08/rgb_frames/P08_28 738 901 1
P08/rgb_frames/P08_28 907 1026 1
P08/rgb_frames/P08_28 1032 1127 4
P08/rgb_frames/P08_28 1102 1218 3
P08/rgb_frames/P08_28 1284 1367 0
P08/rgb_frames/P08_28 1324 1421 2
P08/rgb_frames/P08_28 1382 1507 1
P08/rgb_frames/P08_28 1480 1570 3
P08/rgb_frames/P08_28 1719 1893 4
